2.652399778366088867e+00 -1.623000025749206543e+00
2.682699918746948242e+00 -1.632099986076354980e+00
2.682699918746948242e+00 -1.632099986076354980e+00
2.701400041580200195e+00 -1.637899875640869141e+00
2.701400041580200195e+00 -1.637899875640869141e+00
2.714200019836425781e+00 -1.641999959945678711e+00
2.714200019836425781e+00 -1.641999959945678711e+00
2.722999811172485352e+00 -1.644799947738647461e+00
2.722999811172485352e+00 -1.644799947738647461e+00
2.728999853134155273e+00 -1.646699905395507812e+00
2.728999853134155273e+00 -1.646699905395507812e+00
2.732900142669677734e+00 -1.647899866104125977e+00
2.732900142669677734e+00 -1.647899866104125977e+00
2.735299825668334961e+00 -1.648699879646301270e+00
2.735299825668334961e+00 -1.648699879646301270e+00
2.736799955368041992e+00 -1.649199962615966797e+00
2.736799955368041992e+00 -1.649199962615966797e+00
2.737600088119506836e+00 -1.649399995803833008e+00
2.737600088119506836e+00 -1.649399995803833008e+00
2.742300033569335938e+00 -1.650899887084960938e+00
2.742300033569335938e+00 -1.650899887084960938e+00
2.746900081634521484e+00 -1.652400016784667969e+00
2.746900081634521484e+00 -1.652400016784667969e+00
2.755199909210205078e+00 -1.654999971389770508e+00
2.755199909210205078e+00 -1.654999971389770508e+00
2.763200044631958008e+00 -1.657499909400939941e+00
2.763200044631958008e+00 -1.657499909400939941e+00
2.771099805831909180e+00 -1.659799933433532715e+00
2.771099805831909180e+00 -1.659799933433532715e+00
2.779099941253662109e+00 -1.662199974060058594e+00
2.779099941253662109e+00 -1.662199974060058594e+00
2.787199974060058594e+00 -1.664700031280517578e+00
2.787199974060058594e+00 -1.664700031280517578e+00
2.795499801635742188e+00 -1.667199969291687012e+00
2.795499801635742188e+00 -1.667199969291687012e+00
2.807899951934814453e+00 -1.678599953651428223e+00
2.807899951934814453e+00 -1.678599953651428223e+00
2.820899963378906250e+00 -1.692199945449829102e+00
2.820899963378906250e+00 -1.692199945449829102e+00
2.833400011062622070e+00 -1.705299973487854004e+00
2.833400011062622070e+00 -1.705299973487854004e+00
2.842499971389770508e+00 -1.710199952125549316e+00
2.842499971389770508e+00 -1.710199952125549316e+00
2.849999904632568359e+00 -1.710899949073791504e+00
2.849999904632568359e+00 -1.710899949073791504e+00
2.857499837875366211e+00 -1.711699962615966797e+00
2.857499837875366211e+00 -1.711699962615966797e+00
2.865400075912475586e+00 -1.713299989700317383e+00
2.865400075912475586e+00 -1.713299989700317383e+00
2.873199939727783203e+00 -1.714900016784667969e+00
2.873199939727783203e+00 -1.714900016784667969e+00
2.880799770355224609e+00 -1.716300010681152344e+00
2.880799770355224609e+00 -1.716300010681152344e+00
2.945438861846923828e+00 -1.716300010681152344e+00
2.945438861846923828e+00 -1.716300010681152344e+00
2.941647768020629883e+00 -1.713599920272827148e+00
2.941647768020629883e+00 -1.713599920272827148e+00
2.937295198440551758e+00 -1.710500001907348633e+00
2.937295198440551758e+00 -1.710500001907348633e+00
2.931959867477416992e+00 -1.706699967384338379e+00
2.931959867477416992e+00 -1.706699967384338379e+00
2.925079584121704102e+00 -1.701799869537353516e+00
2.925079584121704102e+00 -1.701799869537353516e+00
2.916514873504638672e+00 -1.695700049400329590e+00
2.916514873504638672e+00 -1.695700049400329590e+00
2.905703306198120117e+00 -1.687999963760375977e+00
2.905703306198120117e+00 -1.687999963760375977e+00
2.897699832916259766e+00 -1.682299971580505371e+00
2.897699832916259766e+00 -1.682299971580505371e+00
2.896723508834838867e+00 -1.678599953651428223e+00
2.896723508834838867e+00 -1.678599953651428223e+00
2.893715381622314453e+00 -1.667199969291687012e+00
2.893715381622314453e+00 -1.667199969291687012e+00
2.890179634094238281e+00 -1.653800010681152344e+00
2.890179634094238281e+00 -1.653800010681152344e+00
2.886116266250610352e+00 -1.638399958610534668e+00
2.886116266250610352e+00 -1.638399958610534668e+00
2.881999969482421875e+00 -1.622799992561340332e+00
2.881999969482421875e+00 -1.622799992561340332e+00
2.881978034973144531e+00 -1.621099948883056641e+00
2.881978034973144531e+00 -1.621099948883056641e+00
2.881729364395141602e+00 -1.601699948310852051e+00
2.881729364395141602e+00 -1.601699948310852051e+00
2.881599903106689453e+00 -1.591600060462951660e+00
2.881599903106689453e+00 -1.591600060462951660e+00
2.881994962692260742e+00 -1.580799937248229980e+00
2.881994962692260742e+00 -1.580799937248229980e+00
2.882821321487426758e+00 -1.558200001716613770e+00
2.882821321487426758e+00 -1.558200001716613770e+00
2.883687734603881836e+00 -1.534499883651733398e+00
2.883687734603881836e+00 -1.534499883651733398e+00
2.884583711624145508e+00 -1.509999990463256836e+00
2.884583711624145508e+00 -1.509999990463256836e+00
2.885479450225830078e+00 -1.485499978065490723e+00
2.885479450225830078e+00 -1.485499978065490723e+00
2.885698795318603516e+00 -1.479499936103820801e+00
2.885698795318603516e+00 -1.479499936103820801e+00
2.885899782180786133e+00 -1.473999857902526855e+00
2.885899782180786133e+00 -1.473999857902526855e+00
2.885899782180786133e+00 -1.473600029945373535e+00
2.885899782180786133e+00 -1.473600029945373535e+00
2.885899782180786133e+00 -1.450899958610534668e+00
2.885899782180786133e+00 -1.450899958610534668e+00
2.885899782180786133e+00 -1.435700058937072754e+00
2.885899782180786133e+00 -1.435700058937072754e+00
2.887641906738281250e+00 -1.426699995994567871e+00
2.887641906738281250e+00 -1.426699995994567871e+00
2.889500141143798828e+00 -1.417100071907043457e+00
2.889500141143798828e+00 -1.417100071907043457e+00
2.897637844085693359e+00 -1.399600028991699219e+00
2.897637844085693359e+00 -1.399600028991699219e+00
2.900799751281738281e+00 -1.392799973487854004e+00
2.900799751281738281e+00 -1.392799973487854004e+00
2.913299798965454102e+00 -1.376199960708618164e+00
2.913299798965454102e+00 -1.376199960708618164e+00
2.922636747360229492e+00 -1.368499994277954102e+00
2.922636747360229492e+00 -1.368499994277954102e+00
2.963500022888183594e+00 -1.334799885749816895e+00
2.963500022888183594e+00 -1.334799885749816895e+00
3.009700059890747070e+00 -1.334799885749816895e+00
3.009700059890747070e+00 -1.334799885749816895e+00
3.012826681137084961e+00 -1.332499980926513672e+00
3.012826681137084961e+00 -1.332499980926513672e+00
3.059999942779541016e+00 -1.297799944877624512e+00
3.059999942779541016e+00 -1.297799944877624512e+00
3.070713520050048828e+00 -1.291100025177001953e+00
3.070713520050048828e+00 -1.291100025177001953e+00
3.146508455276489258e+00 -1.243700027465820312e+00
3.146508455276489258e+00 -1.243700027465820312e+00
3.193999767303466797e+00 -1.213999986648559570e+00
3.193999767303466797e+00 -1.213999986648559570e+00
3.217892646789550781e+00 -1.189999938011169434e+00
3.217892646789550781e+00 -1.189999938011169434e+00
3.278222322463989258e+00 -1.129400014877319336e+00
3.278222322463989258e+00 -1.129400014877319336e+00
3.283200025558471680e+00 -1.124400019645690918e+00
3.283200025558471680e+00 -1.124400019645690918e+00
3.334877967834472656e+00 -1.060400009155273438e+00
3.334877967834472656e+00 -1.060400009155273438e+00
3.352399826049804688e+00 -1.038699984550476074e+00
3.352399826049804688e+00 -1.038699984550476074e+00
3.405455350875854492e+00 -9.792099595069885254e-01
3.405455350875854492e+00 -9.792099595069885254e-01
3.447299957275390625e+00 -9.322899580001831055e-01
3.447299957275390625e+00 -9.322899580001831055e-01
3.485948801040649414e+00 -8.801799416542053223e-01
3.485948801040649414e+00 -8.801799416542053223e-01
3.559099912643432617e+00 -7.815499901771545410e-01
3.559099912643432617e+00 -7.815499901771545410e-01
3.570616960525512695e+00 -7.631500363349914551e-01
3.570616960525512695e+00 -7.631500363349914551e-01
3.638999938964843750e+00 -6.538999676704406738e-01
3.638999938964843750e+00 -6.538999676704406738e-01
3.653151273727416992e+00 -6.251999735832214355e-01
3.653151273727416992e+00 -6.251999735832214355e-01
3.722300052642822266e+00 -4.849599599838256836e-01
3.722300052642822266e+00 -4.849599599838256836e-01
3.731250762939453125e+00 -4.627799987792968750e-01
3.731250762939453125e+00 -4.627799987792968750e-01
3.775799751281738281e+00 -3.523899614810943604e-01
3.775799751281738281e+00 -3.523899614810943604e-01
3.798351049423217773e+00 -2.761400043964385986e-01
3.798351049423217773e+00 -2.761400043964385986e-01
3.833299875259399414e+00 -1.579699963331222534e-01
3.833299875259399414e+00 -1.579699963331222534e-01
3.853068828582763672e+00 -6.619599461555480957e-02
3.853068828582763672e+00 -6.619599461555480957e-02
3.862099885940551758e+00 -2.426999993622303009e-02
3.862099885940551758e+00 -2.426999993622303009e-02
3.884408473968505859e+00 1.652762442827224731e-01
3.884408473968505859e+00 1.652762442827224731e-01
3.885699987411499023e+00 1.762499958276748657e-01
3.885699987411499023e+00 1.762499958276748657e-01
3.891400098800659180e+00 3.133899867534637451e-01
3.891400098800659180e+00 3.133899867534637451e-01
3.885973453521728516e+00 4.143620729446411133e-01
3.885973453521728516e+00 4.143620729446411133e-01
3.880299806594848633e+00 5.199300050735473633e-01
3.880299806594848633e+00 5.199300050735473633e-01
3.863499879837036133e+00 6.497099995613098145e-01
3.863499879837036133e+00 6.497099995613098145e-01
3.856960296630859375e+00 6.783963441848754883e-01
3.856960296630859375e+00 6.783963441848754883e-01
3.817099809646606445e+00 8.532499670982360840e-01
3.817099809646606445e+00 8.532499670982360840e-01
3.787056446075439453e+00 9.508237838745117188e-01
3.787056446075439453e+00 9.508237838745117188e-01
3.778999805450439453e+00 9.769899249076843262e-01
3.778999805450439453e+00 9.769899249076843262e-01
3.698699951171875000e+00 1.170500040054321289e+00
3.698699951171875000e+00 1.170500040054321289e+00
3.672598600387573242e+00 1.225454688072204590e+00
3.672598600387573242e+00 1.225454688072204590e+00
3.667399883270263672e+00 1.236400008201599121e+00
3.667399883270263672e+00 1.236400008201599121e+00
3.621400117874145508e+00 1.426599979400634766e+00
3.621400117874145508e+00 1.426599979400634766e+00
3.593499898910522461e+00 1.451900005340576172e+00
3.593499898910522461e+00 1.451900005340576172e+00
3.539499998092651367e+00 1.501000046730041504e+00
3.539499998092651367e+00 1.501000046730041504e+00
3.520701408386230469e+00 1.518114089965820312e+00
3.520701408386230469e+00 1.518114089965820312e+00
3.511600017547607422e+00 1.526399970054626465e+00
3.511600017547607422e+00 1.526399970054626465e+00
3.457699775695800781e+00 1.575500011444091797e+00
3.457699775695800781e+00 1.575500011444091797e+00
3.429800033569335938e+00 1.600800037384033203e+00
3.429800033569335938e+00 1.600800037384033203e+00
3.381799936294555664e+00 1.644499897956848145e+00
3.381799936294555664e+00 1.644499897956848145e+00
3.290726184844970703e+00 1.725091814994812012e+00
3.290726184844970703e+00 1.725091814994812012e+00
3.186300039291381836e+00 1.817499995231628418e+00
3.186300039291381836e+00 1.817499995231628418e+00
3.024916887283325195e+00 1.879582166671752930e+00
3.024916887283325195e+00 1.879582166671752930e+00
2.868900060653686523e+00 1.939599990844726562e+00
2.868900060653686523e+00 1.939599990844726562e+00
2.757600069046020508e+00 1.971999883651733398e+00
2.757600069046020508e+00 1.971999883651733398e+00
2.720305442810058594e+00 1.974262237548828125e+00
2.720305442810058594e+00 1.974262237548828125e+00
2.577899932861328125e+00 1.982899904251098633e+00
2.577899932861328125e+00 1.982899904251098633e+00
2.466000080108642578e+00 1.964199900627136230e+00
2.466000080108642578e+00 1.964199900627136230e+00
2.407655239105224609e+00 1.940097928047180176e+00
2.407655239105224609e+00 1.940097928047180176e+00
2.298000097274780273e+00 1.894799947738647461e+00
2.298000097274780273e+00 1.894799947738647461e+00
2.182399988174438477e+00 1.823699951171875000e+00
2.182399988174438477e+00 1.823699951171875000e+00
2.153867244720458984e+00 1.767488479614257812e+00
2.153867244720458984e+00 1.767488479614257812e+00
2.148999929428100586e+00 1.757899880409240723e+00
2.148999929428100586e+00 1.757899880409240723e+00
2.131900072097778320e+00 1.724299907684326172e+00
2.131900072097778320e+00 1.724299907684326172e+00
2.098899841308593750e+00 1.659299850463867188e+00
2.098899841308593750e+00 1.659299850463867188e+00
2.081799983978271484e+00 1.625699996948242188e+00
2.081799983978271484e+00 1.625699996948242188e+00
2.054699897766113281e+00 1.564499974250793457e+00
2.054699897766113281e+00 1.564499974250793457e+00
2.041199922561645508e+00 1.529299855232238770e+00
2.041199922561645508e+00 1.529299855232238770e+00
2.017418146133422852e+00 1.467248558998107910e+00
2.017418146133422852e+00 1.467248558998107910e+00
2.015100002288818359e+00 1.461199879646301270e+00
2.015100002288818359e+00 1.461199879646301270e+00
2.001600027084350586e+00 1.425999999046325684e+00
2.001600027084350586e+00 1.425999999046325684e+00
1.975599884986877441e+00 1.357800006866455078e+00
1.975599884986877441e+00 1.357800006866455078e+00
1.936323761940002441e+00 1.173164486885070801e+00
1.936323761940002441e+00 1.173164486885070801e+00
1.912400007247924805e+00 1.060699939727783203e+00
1.912400007247924805e+00 1.060699939727783203e+00
1.895699977874755859e+00 9.400900006294250488e-01
1.895699977874755859e+00 9.400900006294250488e-01
1.889431118965148926e+00 8.909571766853332520e-01
1.889431118965148926e+00 8.909571766853332520e-01
1.873099923133850098e+00 7.629599571228027344e-01
1.873099923133850098e+00 7.629599571228027344e-01
1.858399868011474609e+00 6.428700089454650879e-01
1.858399868011474609e+00 6.428700089454650879e-01
1.857256531715393066e+00 6.307634711265563965e-01
1.857256531715393066e+00 6.307634711265563965e-01
1.841799855232238770e+00 4.670999944210052490e-01
1.841799855232238770e+00 4.670999944210052490e-01
1.838555693626403809e+00 3.861774504184722900e-01
1.838555693626403809e+00 3.861774504184722900e-01
1.836999893188476562e+00 3.473699986934661865e-01
1.836999893188476562e+00 3.473699986934661865e-01
1.837899923324584961e+00 1.709900051355361938e-01
1.837899923324584961e+00 1.709900051355361938e-01
1.838921666145324707e+00 1.536758542060852051e-01
1.838921666145324707e+00 1.536758542060852051e-01
1.844999909400939941e+00 5.066999793052673340e-02
1.844999909400939941e+00 5.066999793052673340e-02
1.856580138206481934e+00 -5.978899821639060974e-02
1.856580138206481934e+00 -5.978899821639060974e-02
1.863399863243103027e+00 -1.248399987816810608e-01
1.863399863243103027e+00 -1.248399987816810608e-01
1.882299900054931641e+00 -2.431499958038330078e-01
1.882299900054931641e+00 -2.431499958038330078e-01
1.884164690971374512e+00 -2.521699965000152588e-01
1.884164690971374512e+00 -2.521699965000152588e-01
1.918200016021728516e+00 -4.168099761009216309e-01
1.918200016021728516e+00 -4.168099761009216309e-01
1.920586228370666504e+00 -4.258399903774261475e-01
1.920586228370666504e+00 -4.258399903774261475e-01
1.948599934577941895e+00 -5.318499803543090820e-01
1.948599934577941895e+00 -5.318499803543090820e-01
1.962710976600646973e+00 -5.809000134468078613e-01
1.962710976600646973e+00 -5.809000134468078613e-01
2.002158641815185547e+00 -7.180200219154357910e-01
2.002158641815185547e+00 -7.180200219154357910e-01
2.036629199981689453e+00 -8.378399610519409180e-01
2.036629199981689453e+00 -8.378399610519409180e-01
2.048599958419799805e+00 -8.794499635696411133e-01
2.048599958419799805e+00 -8.794499635696411133e-01
2.063099861145019531e+00 -9.142600297927856445e-01
2.063099861145019531e+00 -9.142600297927856445e-01
2.074378252029418945e+00 -9.415099620819091797e-01
2.074378252029418945e+00 -9.415099620819091797e-01
2.091000080108642578e+00 -9.816699624061584473e-01
2.091000080108642578e+00 -9.816699624061584473e-01
2.105499982833862305e+00 -1.016699910163879395e+00
2.105499982833862305e+00 -1.016699910163879395e+00
2.111253738403320312e+00 -1.030599951744079590e+00
2.111253738403320312e+00 -1.030599951744079590e+00
2.133399963378906250e+00 -1.084100008010864258e+00
2.133399963378906250e+00 -1.084100008010864258e+00
2.142834424972534180e+00 -1.106899976730346680e+00
2.142834424972534180e+00 -1.106899976730346680e+00
2.147799968719482422e+00 -1.118899941444396973e+00
2.147799968719482422e+00 -1.118899941444396973e+00
2.169573545455932617e+00 -1.171499967575073242e+00
2.169573545455932617e+00 -1.171499967575073242e+00
2.175699949264526367e+00 -1.186299920082092285e+00
2.175699949264526367e+00 -1.186299920082092285e+00
2.190200090408325195e+00 -1.221099972724914551e+00
2.190200090408325195e+00 -1.221099972724914551e+00
2.194471120834350586e+00 -1.225700020790100098e+00
2.194471120834350586e+00 -1.225700020790100098e+00
2.200599431991577148e+00 -1.232300043106079102e+00
2.200599431991577148e+00 -1.232300043106079102e+00
2.205520391464233398e+00 -1.237599968910217285e+00
2.205520391464233398e+00 -1.237599968910217285e+00
2.209698677062988281e+00 -1.242100000381469727e+00
2.209698677062988281e+00 -1.242100000381469727e+00
2.213227033615112305e+00 -1.245899915695190430e+00
2.213227033615112305e+00 -1.245899915695190430e+00
2.216476678848266602e+00 -1.249400019645690918e+00
2.216476678848266602e+00 -1.249400019645690918e+00
2.217033863067626953e+00 -1.250000000000000000e+00
2.217033863067626953e+00 -1.250000000000000000e+00
2.217312335968017578e+00 -1.250299930572509766e+00
2.217312335968017578e+00 -1.250299930572509766e+00
2.218519449234008789e+00 -1.251600027084350586e+00
2.218519449234008789e+00 -1.251600027084350586e+00
2.219633817672729492e+00 -1.252799987792968750e+00
2.219633817672729492e+00 -1.252799987792968750e+00
2.220840692520141602e+00 -1.254099965095520020e+00
2.220840692520141602e+00 -1.254099965095520020e+00
2.222047805786132812e+00 -1.255399942398071289e+00
2.222047805786132812e+00 -1.255399942398071289e+00
2.223161935806274414e+00 -1.256600022315979004e+00
2.223161935806274414e+00 -1.256600022315979004e+00
2.224369049072265625e+00 -1.257899999618530273e+00
2.224369049072265625e+00 -1.257899999618530273e+00
2.225576162338256836e+00 -1.259199976921081543e+00
2.225576162338256836e+00 -1.259199976921081543e+00
2.226690292358398438e+00 -1.260399937629699707e+00
2.226690292358398438e+00 -1.260399937629699707e+00
2.227897405624389648e+00 -1.261699914932250977e+00
2.227897405624389648e+00 -1.261699914932250977e+00
2.229011535644531250e+00 -1.262899994850158691e+00
2.229011535644531250e+00 -1.262899994850158691e+00
2.230218648910522461e+00 -1.264199972152709961e+00
2.230218648910522461e+00 -1.264199972152709961e+00
2.230999946594238281e+00 -1.264199972152709961e+00
2.230999946594238281e+00 -1.264199972152709961e+00
2.246399879455566406e+00 -1.281599998474121094e+00
2.246399879455566406e+00 -1.281599998474121094e+00
2.262300014495849609e+00 -1.298799991607666016e+00
2.262300014495849609e+00 -1.298799991607666016e+00
2.278500080108642578e+00 -1.316199898719787598e+00
2.278500080108642578e+00 -1.316199898719787598e+00
2.295300006866455078e+00 -1.334299921989440918e+00
2.295300006866455078e+00 -1.334299921989440918e+00
2.310800075531005859e+00 -1.334399938583374023e+00
2.310800075531005859e+00 -1.334399938583374023e+00
2.326400041580200195e+00 -1.334399938583374023e+00
2.326400041580200195e+00 -1.334399938583374023e+00
2.341699838638305664e+00 -1.334399938583374023e+00
2.341699838638305664e+00 -1.334399938583374023e+00
2.356899976730346680e+00 -1.334399938583374023e+00
2.356899976730346680e+00 -1.334399938583374023e+00
2.374700069427490234e+00 -1.350299954414367676e+00
2.374700069427490234e+00 -1.350299954414367676e+00
2.393800020217895508e+00 -1.370599985122680664e+00
2.393800020217895508e+00 -1.370599985122680664e+00
2.411799907684326172e+00 -1.418999910354614258e+00
2.411799907684326172e+00 -1.418999910354614258e+00
2.413199901580810547e+00 -1.472899913787841797e+00
2.413199901580810547e+00 -1.472899913787841797e+00
2.414499998092651367e+00 -1.500000000000000000e+00
2.414499998092651367e+00 -1.500000000000000000e+00
2.415599822998046875e+00 -1.520399928092956543e+00
2.415599822998046875e+00 -1.520399928092956543e+00
2.416399955749511719e+00 -1.537100076675415039e+00
2.416399955749511719e+00 -1.537100076675415039e+00
2.416799783706665039e+00 -1.545300006866455078e+00
2.416799783706665039e+00 -1.545300006866455078e+00
2.417199850082397461e+00 -1.553099989891052246e+00
2.417199850082397461e+00 -1.553099989891052246e+00
2.417299985885620117e+00 -1.554299950599670410e+00
2.417299985885620117e+00 -1.554299950599670410e+00
2.417399883270263672e+00 -1.556499958038330078e+00
2.417399883270263672e+00 -1.556499958038330078e+00
2.417599916458129883e+00 -1.560099959373474121e+00
2.417599916458129883e+00 -1.560099959373474121e+00
2.417899847030639648e+00 -1.565500020980834961e+00
2.417899847030639648e+00 -1.565500020980834961e+00
2.418200016021728516e+00 -1.572999954223632812e+00
2.418200016021728516e+00 -1.572999954223632812e+00
2.418699979782104492e+00 -1.582999944686889648e+00
2.418699979782104492e+00 -1.582999944686889648e+00
2.419199943542480469e+00 -1.595499992370605469e+00
2.419199943542480469e+00 -1.595499992370605469e+00
2.419100046157836914e+00 -1.610599994659423828e+00
2.419100046157836914e+00 -1.610599994659423828e+00
2.419699907302856445e+00 -1.626799941062927246e+00
2.419699907302856445e+00 -1.626799941062927246e+00
2.418799877166748047e+00 -1.642799973487854004e+00
2.418799877166748047e+00 -1.642799973487854004e+00
2.405699968338012695e+00 -1.689700007438659668e+00
2.405699968338012695e+00 -1.689700007438659668e+00
2.350600004196166992e+00 -1.719499945640563965e+00
2.350600004196166992e+00 -1.719499945640563965e+00
2.418200016021728516e+00 -1.719299912452697754e+00
2.418200016021728516e+00 -1.719299912452697754e+00
2.446199893951416016e+00 -1.709799885749816895e+00
2.446199893951416016e+00 -1.709799885749816895e+00
2.524600028991699219e+00 -1.699999928474426270e+00
2.524600028991699219e+00 -1.699999928474426270e+00
2.552999973297119141e+00 -1.638000011444091797e+00
2.552999973297119141e+00 -1.638000011444091797e+00
2.573899984359741211e+00 -1.601799845695495605e+00
2.573899984359741211e+00 -1.601799845695495605e+00
2.632999897003173828e+00 -1.617100000381469727e+00
2.632999897003173828e+00 -1.617100000381469727e+00
2.652399778366088867e+00 -1.623000025749206543e+00
